
10915
34243
12364
38681
39453
2199
10799
34941
63251
43240
54114
61785
50277
37568
6799
42248
47380
21766
14734
48755
41969
65121
40093
48811
31922
1282
27897
43513
53326
19395
21486
798
3062
26942
21563
61417
62915
34487
2413
60982
12942
7080
53281
64816
13274
24213
13255
5841
29764
22093
27509
29616
35896
22409
42080
15136
41720
11704
17
36901
33519
29460
2368
19688
34785
53854
9519
2035
22443
54117
45250
33301
2381
23674
21616
45357
3263
30934
7761
64481
59232
35900
41798
28021
15238
18607
17589
54333
38130
5333
25011
43820
47433
40977
41709
31296
22226
30016
20055
35155
64123
52735
46346
11513
42033
43982
63122
19950
47326
21632
6743
16437
41853
25498
45247
45481
64596
64642
44992
15529
14368
55261
13271
368
48908
16352
28424
12288
40930
47052
43614
64148
40248
17380
39444
20908
2745
63305
54772
53681
20511
21859
64568
13315
60864
50994
36319
1386
20091
